[redshift]
temp-day=5500
temp-night=2700 

[manual]
lat=41.841442
lon=-71.356894


